%NACA 0012
    1.000000      0.1260008E-02
   0.9916797      0.2421469E-02
   0.9803693      0.3981370E-02
   0.9672662      0.5761869E-02
   0.9527168      0.7706249E-02
   0.9371979      0.9743332E-02
   0.9211168      0.1181516E-01
   0.9047376      0.1388564E-01
   0.8882059      0.1593570E-01
   0.8715959      0.1795619E-01
   0.8549445      0.1994304E-01
   0.8382694      0.2189450E-01
   0.8215798      0.2380991E-01
   0.8048804      0.2568902E-01
   0.7881743      0.2753173E-01
   0.7714635      0.2933783E-01
   0.7547494      0.3110712E-01
   0.7380336      0.3283924E-01
   0.7213174      0.3453369E-01
   0.7046019      0.3618989E-01
   0.6878884      0.3780708E-01
   0.6711783      0.3938436E-01
   0.6544729      0.4092063E-01
   0.6377734      0.4241475E-01
   0.6210812      0.4386529E-01
   0.6043978      0.4527080E-01
   0.5877244      0.4662949E-01
   0.5710626      0.4793958E-01
   0.5544139      0.4919898E-01
   0.5377800      0.5040549E-01
   0.5211626      0.5155668E-01
   0.5045633      0.5264999E-01
   0.4879841      0.5368260E-01
   0.4714270      0.5465149E-01
   0.4548941      0.5555346E-01
   0.4383879      0.5638503E-01
   0.4219108      0.5714253E-01
   0.4054655      0.5782199E-01
   0.3890551      0.5841925E-01
   0.3726828      0.5892976E-01
   0.3563527      0.5934876E-01
   0.3400686      0.5967109E-01
   0.3238355      0.5989133E-01
   0.3076589      0.6000357E-01
   0.2915448      0.6000158E-01
   0.2755007      0.5987866E-01
   0.2595353      0.5962764E-01
   0.2436589      0.5924084E-01
   0.2278841      0.5871008E-01
   0.2122265      0.5802661E-01
   0.1967059      0.5718128E-01
   0.1813485      0.5616461E-01
   0.1661885      0.5496716E-01
   0.1512727      0.5358029E-01
   0.1366662      0.5199746E-01
   0.1224584      0.5021655E-01
   0.1087699      0.4824321E-01
   0.9575339E-01  0.4609517E-01
   0.8358279E-01  0.4380549E-01
   0.7242417E-01  0.4142189E-01
   0.6239579E-01  0.3899993E-01
   0.5353722E-01  0.3659183E-01
   0.4580607E-01  0.3423670E-01
   0.3910140E-01  0.3195699E-01
   0.3329473E-01  0.2976021E-01
   0.2825582E-01  0.2764363E-01
   0.2386688E-01  0.2559848E-01
   0.2002794E-01  0.2361303E-01
   0.1665781E-01  0.2167459E-01
   0.1369190E-01  0.1977039E-01
   0.1108036E-01  0.1788828E-01
   0.8785737E-02  0.1601712E-01
   0.6781041E-02  0.1414704E-01
   0.5048309E-02  0.1227012E-01
   0.3577145E-02  0.1038131E-01
   0.2362662E-02  0.8479097E-02
   0.1403622E-02  0.6567454E-02
   0.6990843E-03  0.4657025E-02
   0.2435452E-03  0.2761404E-02
   0.2599997E-04  0.9056394E-03
   0.2599997E-04 -0.9056394E-03
   0.2435661E-03 -0.2761522E-02
   0.6990843E-03 -0.4657025E-02
   0.1403669E-02 -0.6567564E-02
   0.2362721E-02 -0.8479201E-02
   0.3577145E-02 -0.1038131E-01
   0.5048388E-02 -0.1227021E-01
   0.6781122E-02 -0.1414712E-01
   0.8785848E-02 -0.1601722E-01
   0.1108045E-01 -0.1788835E-01
   0.1369202E-01 -0.1977047E-01
   0.1665800E-01 -0.2167470E-01
   0.2002821E-01 -0.2361317E-01
   0.2386709E-01 -0.2559858E-01
   0.2825608E-01 -0.2764375E-01
   0.3329490E-01 -0.2976029E-01
   0.3910157E-01 -0.3195704E-01
   0.4580640E-01 -0.3423681E-01
   0.5353762E-01 -0.3659194E-01
   0.6239637E-01 -0.3900008E-01
   0.7242491E-01 -0.4142206E-01
   0.8358373E-01 -0.4380568E-01
   0.9575434E-01 -0.4609534E-01
   0.1087708     -0.4824334E-01
   0.1224592     -0.5021666E-01
   0.1366670     -0.5199755E-01
   0.1512736     -0.5358038E-01
   0.1661894     -0.5496725E-01
   0.1813495     -0.5616469E-01
   0.1967071     -0.5718136E-01
   0.2122276     -0.5802667E-01
   0.2278850     -0.5871012E-01
   0.2436599     -0.5924088E-01
   0.2595364     -0.5962766E-01
   0.2755017     -0.5987867E-01
   0.2915457     -0.6000159E-01
   0.3076597     -0.6000357E-01
   0.3238364     -0.5989131E-01
   0.3400695     -0.5967108E-01
   0.3563534     -0.5934874E-01
   0.3726836     -0.5892973E-01
   0.3890557     -0.5841922E-01
   0.4054662     -0.5782196E-01
   0.4219114     -0.5714250E-01
   0.4383886     -0.5638499E-01
   0.4548948     -0.5555342E-01
   0.4714277     -0.5465144E-01
   0.4879849     -0.5368255E-01
   0.5045640     -0.5264993E-01
   0.5211635     -0.5155663E-01
   0.5377809     -0.5040543E-01
   0.5544150     -0.4919890E-01
   0.5710636     -0.4793950E-01
   0.5877253     -0.4662941E-01
   0.6043988     -0.4527071E-01
   0.6210823     -0.4386520E-01
   0.6377746     -0.4241464E-01
   0.6544743     -0.4092052E-01
   0.6711795     -0.3938425E-01
   0.6878897     -0.3780696E-01
   0.7046031     -0.3618977E-01
   0.7213185     -0.3453359E-01
   0.7380347     -0.3283913E-01
   0.7547503     -0.3110703E-01
   0.7714643     -0.2933774E-01
   0.7881750     -0.2753165E-01
   0.8048811     -0.2568895E-01
   0.8215805     -0.2380983E-01
   0.8382702     -0.2189440E-01
   0.8549452     -0.1994294E-01
   0.8715968     -0.1795609E-01
   0.8882067     -0.1593559E-01
   0.9047385     -0.1388553E-01
   0.9211176     -0.1181507E-01
   0.9371984     -0.9743268E-02
   0.9527171     -0.7706216E-02
   0.9672666     -0.5761813E-02
   0.9803695     -0.3981344E-02
   0.9916798     -0.2421447E-02
    1.000000     -0.1260008E-02
